30 30
27 1 20 8 26 25 27 15 19 30 12 11 16 2 9 5 24 13 10 22 3 28 29 7 23 4 21 18
30 12 27 21 8 20 15 5 10 26 25 11 14 9 19 7 1 28 16 22 24 2 30 29 3 23 18 17 13 4 6
30 21 27 15 1 26 7 17 11 3 9 22 13 30 14 6 16 23 4 5 18 20 12 24 10 19 25 2 29 28 8
30 7 16 3 20 30 15 13 12 25 11 22 1 17 6 21 14 19 24 26 5 28 27 4 2 8 18 9 23 29 10
29 8 10 11 19 3 20 29 1 25 22 21 30 14 9 26 23 13 16 5 12 18 28 4 17 6 2 15 27 24
30 1 20 2 21 26 19 18 6 29 15 3 22 10 11 8 16 7 9 24 28 5 14 12 17 23 25 4 30 13 27
30 17 27 16 8 21 3 2 22 4 15 11 24 1 28 19 14 7 29 18 10 25 23 30 6 12 9 26 20 13 5
30 27 1 19 20 24 10 13 3 29 2 16 9 25 22 30 11 23 21 26 17 6 14 28 18 15 8 7 4 5 12
28 27 11 7 12 10 26 14 2 5 30 19 21 20 25 9 23 28 15 22 13 6 24 16 3 8 17 29 18
29 4 22 7 28 26 9 13 15 3 21 11 30 6 14 19 12 29 16 17 8 10 1 2 18 20 25 27 5 23
30 16 14 11 23 29 4 27 2 26 24 28 30 1 18 6 9 8 10 15 17 22 21 19 25 12 13 7 3 20 5
30 5 20 26 16 1 29 15 17 27 12 10 11 2 4 25 6 14 21 24 13 3 19 30 9 7 28 22 8 23 18
28 22 29 16 4 11 7 27 25 14 10 20 28 23 3 5 8 9 6 12 30 21 19 24 26 1 13 17 15
29 6 24 14 1 13 8 4 22 15 5 20 3 19 23 30 28 26 18 16 12 25 2 9 17 21 10 27 7 29
30 27 16 18 9 11 30 12 20 19 4 5 17 15 24 29 3 10 22 23 2 25 26 8 6 28 13 7 1 14 21
28 6 1 25 28 10 3 14 23 22 4 13 17 20 5 15 12 8 18 30 27 19 26 29 7 11 24 21 2
28 28 1 19 14 2 4 11 16 21 8 5 23 27 12 13 26 17 3 25 24 20 30 18 15 6 7 10 9
29 14 6 20 17 5 9 3 15 26 24 12 10 11 28 8 7 2 30 21 29 25 4 1 13 23 16 19 22 18
28 21 22 3 11 19 17 24 23 5 6 13 10 8 4 28 16 20 25 27 30 9 12 29 2 1 7 14 18
28 14 4 25 23 2 5 8 12 15 16 24 9 6 29 19 13 7 18 17 22 28 11 10 27 1 26 21 30
30 20 23 22 14 13 4 28 8 16 9 7 2 6 12 10 17 30 11 19 26 24 3 1 15 18 29 21 5 27 25
27 18 26 17 9 15 3 12 20 23 25 7 2 10 4 24 28 1 11 16 29 21 6 8 14 27 22 30
30 19 5 4 24 21 11 20 14 6 28 2 23 1 7 9 12 25 15 18 10 13 22 3 8 30 16 26 17 27 29
29 7 21 1 24 19 20 8 14 2 22 27 30 15 18 26 4 3 16 10 12 5 9 13 29 25 17 11 6 23
30 5 12 21 25 23 27 30 9 10 29 17 26 1 20 14 13 3 4 11 16 7 18 19 8 28 2 15 24 22 6
30 24 15 26 16 14 29 1 27 10 12 7 3 20 30 2 6 13 21 22 17 8 23 28 4 25 9 5 19 11 18
27 12 18 28 29 19 5 6 23 4 3 7 26 9 11 27 14 22 2 20 30 16 15 10 1 24 13 17
28 22 15 3 19 25 29 12 7 13 11 21 5 2 1 18 8 28 17 9 10 6 16 24 26 4 14 20 27
30 19 6 7 5 14 20 1 16 3 11 12 2 9 24 17 18 13 15 10 28 22 21 27 30 8 4 29 23 26 25
28 8 13 21 30 6 29 22 19 25 23 14 11 3 17 1 2 9 16 4 5 24 26 15 28 18 7 20 27
