30 30
30 10 27 8 6 22 17 9 3 11 2 20 29 13 19 25 14 5 15 28 12 23 26 18 4 21 30 7 1 16 24
29 17 30 13 22 27 9 11 28 24 15 5 25 1 26 20 14 29 23 3 7 21 10 19 6 16 8 18 4 12
28 22 16 2 1 20 3 24 15 27 25 19 28 10 13 30 23 8 26 11 6 18 7 21 4 9 29 12 5
30 25 2 14 1 13 16 8 19 20 15 23 9 21 22 4 3 27 24 26 18 10 7 29 28 12 30 11 6 5 17
29 19 10 12 27 15 30 9 24 11 26 4 28 7 29 22 3 20 18 14 1 2 6 16 21 23 8 17 25 13
30 17 26 15 13 30 10 4 16 19 9 28 5 12 7 2 1 23 21 11 22 18 25 29 24 6 8 20 3 14 27
29 30 11 5 10 4 18 28 27 26 25 8 19 29 23 1 12 6 21 2 13 14 17 22 24 16 7 3 15 9
29 3 28 4 30 2 26 23 9 25 17 29 10 18 14 16 8 19 12 24 21 22 13 5 1 6 20 11 7 15
29 20 17 13 19 28 16 3 1 21 29 9 18 4 26 14 5 22 24 27 6 25 11 8 12 10 30 15 23 2
29 24 26 11 6 2 9 12 5 25 19 3 4 14 1 10 23 16 29 27 7 17 30 18 28 8 20 21 13 22
30 19 21 6 5 16 26 25 17 20 27 23 11 14 9 22 1 12 4 10 15 8 28 29 30 24 2 13 3 18 7
30 17 2 27 26 19 21 13 25 30 9 14 22 24 10 16 7 28 18 11 1 20 15 6 23 4 12 8 5 29 3
30 21 18 22 9 3 15 7 16 26 19 12 6 30 8 28 23 27 25 29 11 1 10 14 20 13 2 24 5 4 17
29 21 19 1 5 16 14 10 25 11 20 28 7 18 24 8 26 29 4 9 13 23 15 27 12 2 6 3 30 17
28 4 20 27 18 9 10 7 3 24 11 8 23 26 29 5 13 25 21 19 16 2 15 14 28 6 12 22 17
30 3 11 17 20 6 5 15 18 21 23 4 30 10 19 26 25 13 27 12 1 9 22 28 14 8 16 29 24 2 7
30 2 18 30 21 1 8 11 10 4 15 28 5 29 12 26 6 3 27 17 20 16 7 24 9 14 25 22 19 13 23
30 20 8 9 10 23 27 6 26 29 16 14 2 24 12 15 1 21 7 28 18 11 25 4 19 3 30 5 22 13 17
29 29 27 17 4 30 23 24 9 13 20 19 18 28 25 8 1 6 22 15 12 16 11 5 7 2 14 3 26 10
30 15 24 7 13 22 6 18 20 19 9 16 4 11 28 10 17 1 14 2 12 23 5 30 21 27 8 29 3 25 26
30 15 13 3 24 20 4 10 14 16 27 21 26 5 22 8 25 6 7 2 29 11 30 23 9 19 18 17 1 28 12
28 29 11 13 28 4 6 10 5 1 18 21 24 20 19 23 27 26 17 30 25 22 12 14 7 3 15 2 16
27 14 15 16 5 20 23 1 21 28 26 7 2 11 17 6 30 8 19 24 12 22 18 27 13 10 4 9
25 20 26 28 2 15 10 30 18 22 4 14 3 12 17 23 8 7 9 27 5 1 21 13 29 25
27 22 20 30 17 15 12 9 24 6 7 1 4 21 11 29 14 25 23 27 28 3 19 8 5 2 13 16
29 22 18 19 5 3 29 21 26 27 20 10 17 6 8 7 12 16 15 28 13 30 11 14 9 25 2 1 24 4
30 16 5 24 2 26 28 11 3 10 19 7 21 30 23 15 22 27 25 17 8 6 4 12 13 14 18 1 20 9 29
30 6 9 19 13 30 17 5 24 8 25 12 16 2 15 4 29 1 20 28 27 26 21 23 10 22 11 3 14 7 18
28 1 10 14 3 30 17 5 15 6 12 16 13 29 21 8 27 9 11 19 2 26 7 18 25 20 24 23 22
28 25 16 30 29 23 14 6 17 9 22 21 4 8 19 18 10 27 2 3 20 15 24 1 7 26 11 28 5
